4	10539233	4	51	CTTT
4	10788909	4	90	CTTT
4	10944593	4	41	TAGA
4	10954737	4	65	TCTT
4	11069715	4	47	GAAA
4	11142054	3	96	CTT
4	11193338	4	59	TTTC
4	11297994	4	52	CTTT
4	11446682	2	114	AT
4	11456491	3	69	AAG
4	11567334	2	91	AT
4	12615853	4	61	TCTT
4	12795965	2	106	TA
4	12869141	4	47	ATAC
4	12947368	4	45	GAAG
4	13234487	4	52	AAGA
4	13249250	3	57	TTC
4	13308681	4	84	GAAA
4	13809416	2	100	AT
4	14639441	2	75	TA
4	14642924	5	32	GAAGG
4	14965789	2	76	AT
4	15351639	4	87	AAGG
4	16114242	4	41	AGGG
4	16483320	4	44	CTAT
4	16741213	2	85	AT
4	16900294	4	40	GAGG
4	18413621	4	83	TTCT
4	18706267	4	40	TCTT
4	18838732	3	51	TTC
4	19126340	4	42	GAAA
4	19290338	4	41	GAAA
4	20039913	2	112	TA
4	20135918	3	81	GAA
4	20390416	2	79	AT
4	20519707	2	86	TA
4	21249166	2	80	AT
4	21347765	2	79	TA
4	21513608	4	60	AAGG
4	21590780	2	108	TA
4	21716410	5	62	TTATT
4	21758723	4	53	AAAG
4	22183049	4	74	TAGA
4	22959200	2	114	AT
4	23200862	2	89	TA
4	23499120	4	38	AAGG
4	23911743	2	185	TA
4	23990480	2	81	TA
4	24389357	4	58	AAGA
4	24468560	4	38	AGAA
4	25100694	4	53	AAAG
4	25554998	4	47	TTTC
4	25792201	4	64	GAAG
4	26212273	4	40	CTTT
4	26216827	4	38	AGAA
4	26386390	5	47	CCTCT
4	26469371	6	48	GAAGGA
4	26509111	4	37	ATGG
4	26528292	2	137	AT
4	27556640	4	37	TCTT
4	28095854	4	41	TGTA
4	28107765	4	38	GAAG
4	28511159	4	54	TTTC
4	29003579	4	39	AGAA
4	29266168	2	125	TA
4	29280720	4	40	TTTC
4	29459613	4	75	TTCT
4	29715137	2	111	AT